Xiao,Faruzan,Furina,Flex
0.7091236164973039,0.5,0.5,0.6228263820877376
0.6753955260848714,0.5,0.5,0.6068263820877374
0.923,0.468,0.4680000000000001,0.5508263820877375
0.8839250000000001,0.468,0.4680000000000001,0.5348263820877375
0.8218268750000001,0.468,0.4680000000000001,0.49482638208773744
0.785281203125,0.468,0.4680000000000001,0.49482638208773744
0.7305079437207032,0.468,0.4680000000000001,0.49482638208773744
0.6377452451276855,0.468,0.4680000000000001,0.49482638208773744
0.6218016139994934,0.468,0.4680000000000001,0.49482638208773744
0.5822565736495061,0.468,0.4680000000000001,0.49482638208773744
0.5677001593082684,0.468,0.4680000000000001,0.49482638208773744
0.5175076553255616,0.468,0.4680000000000001,0.49482638208773744
