Xiao,Faruzan,Furina,Flex
0.7791225,0.8200000000000001,0.8200000000000001,0.8199999999999996
0.7436444375,0.804,0.804,0.8039999999999996
0.6496533265624999,0.7280000000000001,0.7280000000000001,0.7279999999999995
0.959,0.7320000000000001,0.7320000000000002,0.7319999999999995
0.8950249999999998,0.6920000000000002,0.6920000000000002,0.6919999999999994
0.8566493749999999,0.6760000000000003,0.6760000000000003,0.6759999999999994
0.7983523121093749,0.6600000000000003,0.6600000000000003,0.6599999999999994
0.7038935043066404,0.5840000000000003,0.5840000000000003,0.5839999999999993
0.6862961666989744,0.5840000000000003,0.5840000000000003,0.5839999999999993
0.6451387625315,0.5600000000000003,0.5600000000000003,0.5599999999999993
0.6290102934682126,0.5600000000000003,0.5600000000000003,0.5599999999999993
0.5772850361315072,0.5240000000000002,0.5240000000000004,0.5239999999999992
