Xiao,Faruzan,Furina,Flex
0.9594,0.948,0.8698369808329321,0.948
0.959,0.9519999999999998,0.8738369808329322,0.952
0.923,0.8959999999999997,0.817836980832932,0.8959999999999999
1.0,0.8999999999999998,0.821836980832932,0.8999999999999999
0.984,0.8799999999999998,0.801836980832932,0.8799999999999999
0.984,0.8839999999999999,0.805836980832932,0.8839999999999999
0.9194150000000001,0.8679999999999999,0.789836980832932,0.8679999999999999
0.8219296250000001,0.7919999999999999,0.713836980832932,0.7919999999999998
0.8013813843750002,0.7919999999999999,0.713836980832932,0.7919999999999998
0.757346849765625,0.7679999999999999,0.689836980832932,0.7679999999999999
0.7384131785214845,0.7679999999999999,0.689836980832932,0.7679999999999999
0.6839528490584473,0.732,0.653836980832932,0.7319999999999999
