Xiao,Faruzan,Furina,Flex
0.9594,0.948,0.9480000000000002,0.948
0.959,0.9519999999999998,0.9520000000000001,0.952
0.923,0.8959999999999997,0.8960000000000001,0.8959999999999999
1.0,0.9199999999999998,0.92,0.9199999999999999
0.984,0.8999999999999999,0.9,0.8999999999999999
0.984,0.9039999999999999,0.904,0.9039999999999999
0.9194150000000001,0.8879999999999999,0.8880000000000001,0.8879999999999998
0.8219296250000001,0.8119999999999999,0.812,0.8119999999999998
0.8013813843750002,0.8119999999999999,0.812,0.8119999999999998
0.757346849765625,0.788,0.788,0.7879999999999999
0.7384131785214845,0.788,0.788,0.7879999999999999
0.6839528490584473,0.752,0.752,0.7519999999999999
