Xiao,Faruzan,Furina,Flex
0.9594,0.984,0.9705856890714967,0.984
0.8964150000000001,0.944,0.9305856890714966,0.944
0.9605972421712983,1.0,0.9571713781429935,1.0
0.8969823111170159,0.96,0.9171713781429934,0.96
0.9997706940276014,1.0,0.9797570672144903,1.0
0.9587764266769113,0.984,0.9637570672144902,0.984
0.9691701048154626,1.0,0.9632178467058244,1.0
0.929340852195076,0.984,0.9472178467058244,0.984
0.976,0.976,0.976,0.976
0.9516,0.976,0.976,0.976
1.0,1.0,1.0,1.0
0.951,0.976,0.976,0.976
